start
961.0117797851562
933.0172729492188
942.7823486328125
801.4031372070312
706.7682495117188
705.086669921875
667.7681884765625
603.6702880859375
523.6267700195312
452.40478515625
687.015625
746.5376586914062
240.34710693359375
732.5166625976562
573.9066162109375
582.7559814453125
589.758056640625
481.7936706542969
528.5639038085938
408.82757568359375
422.6810302734375
332.2986755371094
266.62982177734375
309.1674499511719
316.4887390136719
412.00054931640625
428.9989929199219
442.6383056640625
427.9699401855469
336.5005798339844
426.30078125
400.7765808105469
275.6002502441406
422.80206298828125
612.2960205078125
429.24212646484375
341.32861328125
374.6027526855469
353.201416015625
621.5272216796875
407.7730407714844
447.4320068359375
464.4173583984375
516.7840576171875
290.2701110839844
265.8004150390625
691.1072998046875
478.00469970703125
302.2671813964844
409.6430969238281
327.6797790527344
544.6100463867188
390.27398681640625
450.4169006347656
345.0764465332031
324.2029113769531
324.17327880859375
355.538330078125
368.3908386230469
297.89642333984375
606.0188598632812
206.92742919921875
306.6224670410156
277.7073059082031
365.2359313964844
333.9537658691406
355.0440368652344
296.47174072265625
278.00836181640625
446.8118591308594
267.8649597167969
405.1241455078125
498.92059326171875
347.75457763671875
430.6469421386719
253.85662841796875
537.4131469726562
624.4315795898438
408.86956787109375
569.5225219726562
343.82598876953125
408.3760070800781
525.9570922851562
580.1793823242188
448.2890930175781
252.25025939941406
413.0662536621094
427.29278564453125
294.42938232421875
316.4032897949219
227.94418334960938
388.2121276855469
335.7960205078125
295.75823974609375
511.9964294433594
291.001708984375
347.5396728515625
330.61651611328125
461.2402038574219
344.2978210449219
295.7222595214844
381.4901428222656
298.6488037109375
306.5331115722656
503.83642578125
252.34678649902344
345.3364562988281
326.17266845703125
496.1546325683594
407.2132263183594
419.725341796875
323.33392333984375
355.29437255859375
313.4903869628906
353.8186340332031
415.755615234375
468.1853332519531
547.3575439453125
458.4862365722656
543.048828125
577.7715454101562
226.6720428466797
369.7584533691406
331.23504638671875
335.50982666015625
309.5624084472656
296.09222412109375
364.82696533203125
577.1361083984375
454.15850830078125
330.0223693847656
262.4930725097656
397.14117431640625
369.6674499511719
247.2321014404297
404.79852294921875
263.4902648925781
383.7546081542969
465.6052551269531
426.8108825683594
343.39019775390625
354.3892822265625
626.3529052734375
499.45684814453125
398.5868225097656
332.4944152832031
354.432373046875
479.9822998046875
420.1309814453125
376.67950439453125
442.5086364746094
442.87109375
609.923828125
599.001953125
472.6238708496094
306.22125244140625
188.82025146484375
607.2782592773438
328.670654296875
298.8639221191406
373.7249450683594
584.9022827148438
278.76043701171875
381.0691223144531
556.6192626953125
601.718505859375
453.75286865234375
585.6346435546875
534.1397094726562
257.1314392089844
611.3172607421875
400.70562744140625
426.80206298828125
404.40325927734375
334.8599548339844
342.1907043457031
331.7985534667969
390.85418701171875
270.658447265625
332.7585754394531
333.7524719238281
338.7645568847656
400.7115173339844
349.858154296875
326.14404296875
397.6536560058594
347.2520446777344
306.0025634765625
529.065673828125
477.8253173828125
366.6128845214844
592.3143310546875
296.9327697753906
294.61376953125
443.638427734375
337.0062561035156
277.0636901855469
337.0926513671875
328.3181457519531
396.2587890625
429.52227783203125
622.2599487304688
378.2738037109375
467.5104675292969
543.8372192382812
585.69921875
480.100830078125
310.7176208496094
324.1600341796875
379.14910888671875
377.5334777832031
263.0194091796875
352.59222412109375
406.32330322265625
181.48150634765625
331.07647705078125
411.5169677734375
575.4906005859375
335.60809326171875
501.6531677246094
570.30419921875
424.6410217285156
587.534912109375
276.0190734863281
438.22406005859375
303.7324523925781
647.7213745117188
412.8574523925781
342.74871826171875
386.5857238769531
302.6250915527344
377.30926513671875
303.3654479980469
321.971923828125
247.0447998046875
469.3030090332031
330.7964782714844
403.3948974609375
501.7774963378906
444.6878967285156
476.2714538574219
682.3394775390625
422.7760009765625
323.2827453613281
314.313720703125
510.0583190917969
520.9447021484375
344.686767578125
436.2675476074219
396.5597839355469
440.3059387207031
243.02427673339844
543.64453125
359.5326232910156
533.6259765625
537.710205078125
571.3772583007812
416.54425048828125
367.1454772949219
348.9768981933594
443.2378845214844
398.2679443359375
450.32427978515625
257.7870788574219
480.6921081542969
416.5633239746094
266.5502014160156
375.9620361328125
254.76004028320312
265.0979919433594
325.79962158203125
506.13739013671875
351.64093017578125
350.8516845703125
441.5970153808594
406.2748718261719
352.374267578125
523.8688354492188
668.4443359375
322.186279296875
423.5792236328125
384.6634826660156
636.5167846679688
284.1907653808594
269.1085205078125
297.768798828125
409.70892333984375
368.776123046875
245.7642822265625
311.3033142089844
425.0853576660156
633.5232543945312
372.5940246582031
187.80801391601562
378.8963928222656
344.1646728515625
348.054931640625
243.30419921875
322.37347412109375
328.86541748046875
422.648681640625
308.2419128417969
426.6866760253906
310.2220764160156
400.70465087890625
441.1184997558594
350.873291015625
439.181884765625
596.136962890625
411.1005554199219
394.5027160644531
300.59014892578125
364.9014892578125
256.536376953125
326.674072265625
344.9414978027344
448.5077819824219
306.8108215332031
458.6757507324219
394.47998046875
394.01678466796875
319.9776916503906
444.2624816894531
273.2131042480469
436.74114990234375
331.85888671875
324.22283935546875
496.3848571777344
548.2466430664062
522.1093139648438
214.1748809814453
487.05902099609375
290.37548828125
361.01220703125
483.93743896484375
436.7718200683594
398.0512390136719
362.57574462890625
410.9470520019531
314.5720520019531
341.1302490234375
280.4609375
293.205810546875
357.4077453613281
234.23194885253906
333.5757751464844
403.7710266113281
344.1185607910156
319.23114013671875
304.7228698730469
350.5391845703125
470.05511474609375
335.29656982421875
267.43389892578125
383.68743896484375
287.4413757324219
453.7655944824219
565.61279296875
312.75653076171875
606.4745483398438
382.7747497558594
496.2343444824219
304.81634521484375
253.09718322753906
640.1312866210938
297.3604736328125
279.1305847167969
504.4229431152344
535.5338134765625
570.7778930664062
339.1453552246094
564.7877197265625
340.746826171875
238.77020263671875
614.0220947265625
344.9964904785156
458.4056701660156
395.9000244140625
322.8041687011719
498.7776794433594
340.6434326171875
450.2214050292969
345.8433837890625
379.8465270996094
340.5404052734375
302.6300048828125
239.04220581054688
320.053466796875
437.99822998046875
539.2420043945312
353.35028076171875
307.0081787109375
338.7493896484375
373.5216064453125
329.40765380859375
374.2110900878906
285.6731872558594
361.9895935058594
365.274658203125
387.1622314453125
268.1006774902344
363.2027282714844
298.9374084472656
389.8248596191406
485.9927673339844
309.04937744140625
430.17437744140625
406.82855224609375
229.07334899902344
337.8338928222656
271.9781188964844
539.69970703125
459.9530334472656
304.1756896972656
342.52667236328125
498.6609802246094
310.4515075683594
314.2242431640625
357.8119812011719
405.9873962402344
448.8291015625
526.4293212890625
512.1887817382812
421.2984924316406
412.7705993652344
313.5484924316406
257.39971923828125
464.2087707519531
285.0849914550781
523.5142211914062
333.9323425292969
340.4541015625
380.1455383300781
360.41851806640625
306.5546875
232.3656463623047
442.32183837890625
282.15655517578125
283.0167541503906
431.169921875
435.1448669433594
251.6319122314453
672.41552734375
457.3466796875
251.7474365234375
246.701416015625
399.3903503417969
379.4022216796875
409.05950927734375
304.1434631347656
328.0620422363281
585.8529052734375
345.92767333984375
353.7336730957031
610.2700805664062
269.1073913574219
159.6469268798828
341.5632629394531
332.998291015625
271.5507507324219
272.1097412109375
381.2521667480469
314.5845031738281
401.47381591796875
316.14654541015625
460.689208984375
345.5377502441406
360.9629821777344
518.3755493164062
568.8919677734375
501.70782470703125
361.00299072265625
500.0209045410156
407.6871643066406
349.1260070800781
362.8493347167969
280.56005859375
351.389404296875
728.3053588867188
424.52935791015625
475.5314636230469
461.4578857421875
387.5526123046875
264.61041259765625
477.49725341796875
185.02130126953125
441.7355651855469
461.9765625
294.4583435058594
449.10906982421875
506.51556396484375
280.9134216308594
318.3517150878906
270.8908386230469
311.3407287597656
373.6870422363281
266.27435302734375
253.89251708984375
470.5218811035156
429.670654296875
281.90087890625
245.6433563232422
415.206298828125
392.92596435546875
356.9184875488281
359.3307800292969
604.4569091796875
298.02032470703125
312.3872985839844
256.6558532714844
422.0682067871094
275.46820068359375
369.5394287109375
229.21463012695312
365.099853515625
269.47210693359375
394.96453857421875
595.343505859375
420.64068603515625
309.990966796875
348.64959716796875
294.6658935546875
580.3062133789062
329.6761474609375
309.8269958496094
335.45318603515625
368.7667236328125
343.7853088378906
512.2650146484375
644.8790283203125
666.6026000976562
352.943359375
323.099609375
303.11761474609375
306.38714599609375
236.9900360107422
335.6991271972656
336.60809326171875
467.01678466796875
295.21783447265625
358.5713195800781
391.4008483886719
457.6656188964844
332.46856689453125
395.7492980957031
367.2248229980469
338.40069580078125
429.2730407714844
425.8750305175781
455.46221923828125
349.2689514160156
329.3421325683594
379.9859924316406
396.13494873046875
358.25970458984375
494.54144287109375
562.9996337890625
509.3044738769531
739.2459716796875
354.9738464355469
239.7958526611328
405.0078125
307.2425537109375
351.6219177246094
243.5026092529297
417.12445068359375
464.69354248046875
484.9169921875
590.6243896484375
361.98333740234375
308.7684326171875
463.6341247558594
574.8355712890625
330.9212646484375
459.9152526855469
393.4601135253906
327.4648132324219
404.33636474609375
302.2978515625
278.6236267089844
300.6649169921875
198.67723083496094
329.3427734375
310.73016357421875
373.5614013671875
376.0854187011719
317.32635498046875
540.6688232421875
269.31640625
195.87522888183594
418.8976745605469
474.51666259765625
352.83843994140625
218.12478637695312
259.3766174316406
475.568115234375
268.22088623046875
234.3340606689453
527.1908569335938
280.5813903808594
287.8528137207031
388.0953063964844
410.07989501953125
358.191162109375
338.1064453125
323.0329895019531
466.25323486328125
346.15704345703125
355.5921630859375
248.56324768066406
279.2225646972656
484.0251770019531
253.94461059570312
381.3998718261719
228.20217895507812
474.7674255371094
508.89501953125
260.32611083984375
306.7627868652344
286.6352844238281
355.5131530761719
345.251953125
633.273681640625
372.1887512207031
309.8899230957031
263.1126403808594
388.9693603515625
366.7669677734375
321.01690673828125
471.2762451171875
267.80352783203125
403.7701416015625
307.86126708984375
387.4200134277344
403.70697021484375
291.1424865722656
367.361572265625
262.0669250488281
535.9937744140625
225.46665954589844
412.2085876464844
379.0769348144531
351.1705322265625
672.6978149414062
518.0656127929688
451.59979248046875
583.0057373046875
525.9609375
285.1130065917969
321.4231262207031
384.9630126953125
337.7113037109375
352.6145324707031
241.80491638183594
434.4407653808594
379.9521789550781
319.0274658203125
328.80047607421875
171.8258819580078
475.0356140136719
395.65875244140625
353.1221618652344
443.8487854003906
285.3963317871094
348.0156555175781
329.752197265625
344.0374450683594
317.6611022949219
385.6175842285156
227.161865234375
334.6009826660156
422.10198974609375
314.0707092285156
449.3842468261719
487.3637390136719
559.6266479492188
256.3331298828125
576.3706665039062
307.2056579589844
358.5238952636719
382.04278564453125
376.9720153808594
377.6208801269531
334.3232727050781
232.8670654296875
440.1761474609375
268.5313415527344
263.2060852050781
434.64422607421875
500.10467529296875
331.8132629394531
282.9021301269531
337.001708984375
398.951171875
370.20068359375
349.8304443359375
286.4637451171875
296.973876953125
374.40386962890625
232.02645874023438
461.87445068359375
502.5794372558594
408.7593078613281
395.1798400878906
449.9200134277344
240.0175018310547
393.4440612792969
466.17681884765625
495.12396240234375
282.5237121582031
544.190185546875
421.3268737792969
297.4509582519531
292.0258483886719
473.64605712890625
250.2864990234375
595.6068115234375
453.81903076171875
387.1291198730469
430.2869873046875
391.65728759765625
381.90924072265625
256.91375732421875
508.4964599609375
440.5585632324219
343.9515380859375
347.8533935546875
388.4399108886719
416.8895263671875
297.0420837402344
561.0641479492188
443.4361572265625
306.7567138671875
319.29010009765625
359.5591125488281
252.83172607421875
396.1103820800781
345.1593017578125
218.00039672851562
352.5531005859375
380.7061767578125
425.09033203125
347.56756591796875
439.3009338378906
461.8943786621094
486.2947998046875
370.0461120605469
350.8503112792969
388.61505126953125
313.0321960449219
324.7775573730469
374.430419921875
280.7533264160156
285.5983581542969
609.1217041015625
540.0113525390625
433.7060852050781
422.3351745605469
422.64398193359375
296.2796325683594
424.4034729003906
220.96536254882812
463.3100280761719
329.10797119140625
518.6157836914062
447.3089294433594
335.75982666015625
353.5397644042969
401.01019287109375
384.5957336425781
330.2965087890625
337.8838195800781
285.1684265136719
457.0943298339844
461.4952087402344
296.67156982421875
349.5080871582031
329.9589538574219
432.8374328613281
297.0210876464844
437.7596130371094
308.2542724609375
262.80657958984375
380.4666442871094
352.7398986816406
439.3577880859375
420.7390441894531
463.127685546875
437.4765930175781
582.1266479492188
401.32940673828125
433.0859680175781
520.9164428710938
384.6822509765625
320.6717529296875
363.4573059082031
339.6724548339844
375.98895263671875
306.0579528808594
277.53009033203125
424.5657043457031
369.3045959472656
422.2227478027344
289.240478515625
544.5138549804688
328.562255859375
419.501708984375
353.84771728515625
255.72596740722656
460.249755859375
401.65509033203125
410.2332458496094
480.91412353515625
342.4989318847656
404.6275634765625
371.854736328125
480.62457275390625
353.0196228027344
505.2042541503906
367.43817138671875
443.6397705078125
270.6072082519531
311.3905334472656
314.7483825683594
429.01715087890625
483.57489013671875
580.325439453125
431.1982116699219
328.857421875
268.02471923828125
288.53521728515625
460.3946228027344
416.56817626953125
304.65203857421875
437.58441162109375
449.5056457519531
602.2855224609375
499.1275329589844
398.621826171875
326.7561950683594
244.95425415039062
293.7206115722656
382.69134521484375
443.8244323730469
395.0836486816406
323.6135559082031
424.7589416503906
193.36683654785156
315.3678894042969
295.7240905761719
478.3438720703125
358.8580017089844
316.8032531738281
403.1202087402344
332.6078796386719
236.47674560546875
470.360595703125
349.7626647949219
393.28607177734375
463.1042785644531
316.93695068359375
377.0172424316406
428.4752197265625
325.6114196777344
427.00225830078125
282.63153076171875
327.2284851074219
386.9005126953125
352.33416748046875
263.2874450683594
369.6098937988281
301.2685852050781
252.6143341064453
286.6456604003906
512.6461791992188
325.9298400878906
358.19085693359375
328.12933349609375
448.91778564453125
586.165283203125
555.2705688476562
291.31207275390625
361.5068664550781
309.52191162109375
457.41387939453125
302.5857849121094
618.6488647460938
424.0201416015625
238.62989807128906
505.22576904296875
329.5167541503906
332.7704772949219
363.1887512207031
450.2364196777344
334.9116516113281
307.1450500488281
348.534423828125
300.08087158203125
436.26287841796875
403.43896484375
261.1488342285156
346.8062438964844
597.0424194335938
583.7426147460938
409.6483154296875
272.0643310546875
340.8879089355469
683.3017578125
579.0121459960938
392.5439758300781
309.206298828125
457.3937072753906
339.0887756347656
318.12176513671875
390.70135498046875
322.2928466796875
353.2784118652344
403.6853332519531
322.6261291503906
476.92919921875
550.1331176757812
357.0560302734375
280.86883544921875
522.774658203125
360.1810607910156
550.7361450195312
358.8683166503906
344.8724670410156
347.8272705078125
377.8419494628906
392.96563720703125
386.8997497558594
372.2484130859375
331.77447509765625
328.6222229003906
405.4658508300781
451.6384582519531
521.6408081054688
337.78106689453125
364.15380859375
356.713134765625
372.451171875
427.3056640625
356.9179992675781
329.7430725097656
269.47784423828125
501.66937255859375
295.5835266113281
545.1207885742188
518.161376953125
609.995361328125
420.0058288574219
426.5539245605469
419.80615234375
320.13421630859375
313.3594055175781
437.5628967285156
532.2266235351562
430.35089111328125
445.92315673828125
417.3565979003906
319.3263244628906
374.9531555175781
409.1300354003906
245.77120971679688
337.5412902832031
320.514404296875
425.4609375
295.7928466796875
279.68572998046875
325.8583984375
310.6693420410156
499.03717041015625
322.43731689453125
265.7462463378906
360.2576904296875
480.1524963378906
508.53778076171875
360.3401184082031
318.2602844238281
430.5041809082031
507.7181701660156
389.26910400390625
562.0879516601562
490.0695495605469
308.80419921875
310.0066833496094
350.1741943359375
388.9908752441406
512.3209228515625
187.50291442871094
371.7488708496094
351.6617126464844
459.4742126464844
568.4264526367188
337.4736633300781
373.6530456542969
325.6300048828125
373.5950622558594
507.8932800292969
417.9566345214844
469.567626953125
344.8821716308594
331.44744873046875
296.17010498046875
434.0334167480469
335.4083251953125
580.859619140625
453.6290283203125
598.4151000976562
510.2338562011719
585.5679321289062
413.543701171875
311.6055603027344
396.7724914550781
278.39599609375
409.74871826171875
326.7030334472656
432.38421630859375
408.53448486328125
409.9640197753906
295.50439453125
240.8337860107422
300.8798522949219
262.8880310058594
516.1314086914062
218.97621154785156
283.0940856933594
304.1241455078125
444.6185607910156
313.51519775390625
320.30474853515625
386.5065612792969
438.11309814453125
620.1801147460938
449.7936096191406
444.6526184082031
447.84814453125
243.18797302246094
455.0745849609375
483.43316650390625
258.8507080078125
302.2551574707031
466.7879943847656
503.5308532714844
221.09393310546875
434.4315185546875
419.728271484375
319.4992370605469
437.30780029296875
373.011962890625
459.5720520019531
404.31146240234375
346.6829528808594
269.94122314453125
426.61907958984375
299.6877746582031
473.7411193847656
593.873291015625
679.33447265625
509.4221496582031
388.0480651855469
285.7586364746094
406.2874755859375
215.71005249023438
407.9448547363281
218.3411102294922
453.9770812988281
513.1825561523438
265.1345520019531
217.24334716796875
373.4444274902344
378.81646728515625
278.2062072753906
246.93527221679688
436.2631530761719
324.2888488769531
360.9284973144531
445.2333068847656
506.4930419921875
327.98797607421875
233.41708374023438
383.3048400878906
381.6709289550781
319.5740661621094
291.6116027832031
430.4302673339844
277.2002258300781
303.245849609375
356.3719787597656
391.0477294921875
373.9956359863281
443.2559814453125
357.5921936035156
206.9566192626953
349.53717041015625
324.796142578125
342.0860595703125
328.6297912597656
207.3256072998047
399.283447265625
482.1847839355469
516.267578125
327.3711242675781
nan
nan
nan
nan
nan
nan
nan
nan
nan
nan
nan
nan
nan
nan
nan
nan
nan
nan
nan
nan
nan
nan
nan
nan
nan
nan
nan
nan
nan
nan
nan
nan
nan
nan
nan
nan
nan
nan
nan
nan
nan
nan
nan
nan
nan
nan
nan
nan
nan
nan
nan
nan
nan
nan
nan
nan
nan
nan
nan
nan
nan
nan
nan
nan
nan
nan
nan
nan
nan
nan
nan
nan
nan
nan
nan
nan
nan
nan
nan
nan
nan
nan
nan
nan
nan
nan
nan
nan
nan
nan
nan
nan
nan
nan
nan
nan
nan
nan
nan
nan
nan
nan
nan
nan
nan
nan
nan
nan
nan
nan
nan
nan
nan
nan
nan
nan
nan
nan
nan
nan
nan
nan
nan
nan
nan
nan
nan
nan
nan
nan
nan
nan
nan
nan
nan
nan
nan
nan
nan
nan
nan
nan
nan
nan
nan
nan
nan
nan
nan
nan
nan
nan
nan
nan
nan
nan
nan
nan
nan
nan
nan
nan
nan
nan
nan
nan
nan
nan
nan
nan
nan
nan
nan
nan
nan
nan
nan
nan
nan
nan
nan
nan
nan
nan
nan
nan
nan
nan
nan
nan
nan
nan
nan
nan
nan
nan
nan
nan
nan
nan
nan
nan
nan
nan
nan
nan
nan
nan
nan
nan
nan
nan
nan
nan
nan
nan
nan
nan
nan
nan
nan
nan
nan
nan
nan
nan
nan
nan
nan
nan
nan
nan
nan
nan
nan
nan
nan
nan
nan
nan
493.54290771484375
317.5694580078125
474.2486877441406
428.26324462890625
518.6541137695312
343.0972900390625
196.75550842285156
303.5544738769531
450.7100830078125
208.2162628173828
539.5280151367188
333.82720947265625
334.1668701171875
210.07855224609375
389.4640808105469
380.69097900390625
257.4434509277344
344.13623046875
479.3344421386719
367.17938232421875
183.17727661132812
367.3819274902344
299.3692626953125
393.2347106933594
350.79266357421875
377.19677734375
327.30364990234375
427.52008056640625
301.79693603515625
424.7540283203125
298.1228332519531
307.6505432128906
504.3320617675781
455.6455383300781
383.8039245605469
343.9633483886719
226.75242614746094
398.29730224609375
410.31732177734375
353.5358581542969
282.75482177734375
340.09539794921875
304.25079345703125
355.5604248046875
228.59048461914062
427.1736755371094
327.25885009765625
540.9097290039062
475.8088073730469
282.5411376953125
523.8106079101562
590.5502319335938
413.93701171875
351.4085388183594
363.8160705566406
407.972412109375
440.35003662109375
366.9486389160156
195.33192443847656
251.6008758544922
266.20001220703125
354.4637451171875
419.4273376464844
471.5134582519531
445.7214660644531
511.5919189453125
508.4100341796875
353.1911926269531
354.8602294921875
381.88177490234375
369.9304504394531
173.2590789794922
441.37823486328125
294.7402648925781
326.62109375
366.84912109375
545.4854736328125
273.8969421386719
396.8903503417969
439.15673828125
224.66250610351562
232.67361450195312
248.4391632080078
314.3225402832031
424.52825927734375
549.0978393554688
238.40469360351562
465.1141052246094
487.4382019042969
494.3923034667969
316.544189453125
270.64312744140625
405.6079406738281
511.519287109375
284.03912353515625
246.1316375732422
406.1888732910156
522.2569580078125
255.1316375732422
343.5949401855469
469.7196350097656
241.6497039794922
301.64227294921875
527.2466430664062
406.3641662597656
394.45074462890625
342.65325927734375
294.7900695800781
333.6541442871094
